00100010
1110011100101
01000010
1110011100100
01011010
0111011001011
01111010
0111011001010
01010000
111001110111
01111000
111001110110
01000111
111001110101
01001011
111001110100
01000110
111001110011
01110001
011101100100
01101010
11100111000
01010110
10110111101
01011001
10110111100
01000011
10110000101
01001101
10110000100
01010101
01110110011
01000101
1110011111
00111010
1110011110
01001100
0111011000
00100111
1011011111
00101000
1011011011
00101001
1011011010
01010111
1011001111
00111111
1011001110
01001110
1011001101
01010011
1011001100
01001000
1011000011
00111011
011101010
01001111
011101011
00100001
101101110
01010100
101101100
01010010
011101101
01000100
101100000
01001001
01110111
00101101
01110100
01110110
11100110
00101110
10110001
01000001
10110010
01101011
1011010
01110000
1110010
01100111
101001
00101100
101000
01111001
011110
01100011
011100
01101101
010010
01100110
011111
01100010
010011
01110111
111000
01101001
11101
01100100
10101
01110011
11011
01110101
01000
01101100
10111
01110010
11010
01100101
1111
01110100
1100
01101000
0110
01101110
0101
01101111
1001
01100001
1000
00100000
00
